normal=(0.7071068,-0.7071068,0); dist=-7.0710683
normal=(0.7071068,-0.7071068,0); dist=-7.0710683
